1 2
3 6.01

0.835 0.667
0.333 0.266

-400.60 199.80
1198.80 600.40

-402.90 200.70
1204.20 -603.60

1.0000 0.5000 0.3333 0.2500
0.5000 0.3333 0.2500 0.2000
0.3333 0.2500 0.2000 0.1667
0.2500 0.2000 0.1667 0.1429

1.0000 0.5000 0.3333 0.2500 0.2000
0.5000 0.3333 0.2500 0.2000 0.1667
0.3333 0.2500 0.2000 0.1667 0.1429
0.2500 0.2000 0.1667 0.1429 0.1250
0.2000 0.1667 0.1429 0.1250 0.1111

5 -1 0 0 0 0
-1 5 -1 0 0 0
0 -1 5 -1 0 0
0 0 -1 5 -1 0
0 0 0 -1 5 -1
0 0 0 0 -1 5

1 0.5 0.33333333 0.25 0.2 0.16666667 0.14285714 0.125 0.11111111 0.1 0.09090909 0.0833333 0.07692308 0.07142857 0.06666667
0.5 0.33333333 0.25 0.2 0.16666667 0.14285714 0.125 0.11111111 0.1 0.09090909 0.0833333 0.07692308 0.07142857 0.06666667 0.0625
0.33333333 0.25 0.2 0.16666667 0.14285714 0.125 0.11111111 0.1 0.09090909 0.0833333 0.07692308 0.07142857 0.06666667 0.0625